#https://sashamaps.net/docs/tools/20-colors/
cols8<-c('#e6194b', '#f58231', '#ffe119', '#bfef45', '#3cb44b','#42d4f4','#4363d8','#000000')


